0

0

23

-19

0

0

0

22

22

0

0

0

0

23

24

0

0

0

-19

0

0

24

0

0

0

16

-23

-22

24

-8

0

0

24

22

0

-23

0

0

0

0

0

-21

0

0

0

0

19

0

17

-20

0

0

-9

0

0

-27

0

8

1

20

20

0

22

26

-27

19

0

20

0

0

0

0

0

0

0

0

0

21

0

0

0

-27

0

0

0

21

0

0

0

0

-22

-22

0

20

0

0

0

20

0

0

0

0

-21

0

22

0

0

-19

0

20

0

-22

0

0

0

-22

-19

-19

0

0

0

0

16

0

-21

0

21

0

20

0

22

-22

20

-20

20

0

0

0

0

0

0

0

-20

0

8

0

0

0

0

6

0

0

22

0

23

-22

-20

0

0

8

22

23

6

-21

8

-21

0

0

0

0

0

22

-22

0

0

0

0

0

-21

22

-19

0

-19

-22

0

0

0

-18

0

26

0

0

0

0

26

-8

0

26

22

22

-19

-19

0

21

0

0

-22

20

0

0

0

-22

-8

0

0