0

0

21

0

0

18

0

0

22

0

0

-22

18

0

0

22

21

0

21

0

21

21

0

21

18

0

0

19

17

0

21

0

0

0

21

0

0

0

0

0

18

0

0

0

23

-23

21

22

-21

22

0

0

0

0

0

22

21

0

21

0

0

0

21

0

0

0

0

-21

22

23

21

0

0

-23

0

0

-22

0

0

0

6

21

0

21

21

0

21

0

21

0

22

22

0

-22

21

0

21

21

0

0

18

22

22

19

0

22

22

22

0

22

22

0

-21

22

-21

21

22

0

0

21

22

0

0

0

0

22

0

0

21

0

22

0

0

0

0

0

0

0

0

0

0

0

0

0

0

0

0

0

0

0

0

0

0

0

0

0

0

0

0

8

0

0

0

0

0

0

0

0

0

0

0

0

0

0

0

0

0

0

0

0

0

0

0

0

0

0

0

0

0

0

0

0

0

0

0

0

0

0

0

0

0

0

0

0

0

0

0

0

0

0

0

0

0

0

0

16

16

16

0

0

16

-22

0

0

0